299
       293
       302
       292
       293
       292
       292
       296
       295
       293
       298
       296
       299
       295
       298
       291
       299
       294
       295
       294
       303
       297
       295
       294
       298
       293
       296
       295
       294
       296
       295
       293
       293
       291
       297
       294
       293
       302
       291
       300
       299
       294
       296
       296
       298
       293
       291
       300
       294
       293
       292
       291
       295
       294
       294
       295
       295
       298
       297
       296
       300
       291
       315
       294
       298
       296
       293
       294
       293
       294
       293
       293
       296
       291
       294
       294
       292
       299
       297
       296
       295
       295
       294
       292
       292
       298
       294
       292
       292
       292
       294
       293
       291
       290
       295
       294
       307
       292
       295
       296
       294
       293
       292
       290
       295
       294
       297
       295
       299
       299
       293
       293
       288
       295
       294
       297
       291
       291
       295
       296
       297
       293
       298
       293
       297
       297
       292
       295
       297
       301
       299
       295
       296
       297
       290
       297
       293
       300
       302
       293
       294
       295
       294
       294
       297
       295
       295
       299
       302
       291
       291
       294
       297
       292
       301
       297
       292
       296
       295
       294
       293
       297
       291
       291
       299
       293
       297
       292
       295
       293
       292
       295
       290
       295
       299
       294
       291
       303
       297
       295
       290
       290
       290
       297
       297
       291
       296
       292
       291
       298
       292
       297
       292
       291
       295
       291
       292
       293
       293
       292
       295
       295
       295
       295
       294
       300
       290
       296
       290
       291
       290
       292
       291
       302
       294
       293
       297
       293
       294
       297
       299
       298
       293
       298
       293
       298
       289
       306
       305
       321
       327
       298
       297
       294
       297
       298
       293
       292
       297
       291
       306
       297
       305
       292
       293
       297
       298
       293
       294
       298
       293
       293
       294
       293
       302
       291
       292
       297
       292
       293
       290
       290
       297
       294
       292
       292
       297
       294
       291
       297
       294
       298
       295
       296
       294
       293
       292
       295
       293
       290
       293
       295
       297
       295
       294
       298
       298
       292
       293
       303
       299
       298
       294
       298
       294
       295
       294
       294
       293
       299
