       69.2
       51.3
       64.0
       53.8
       52.7
       52.1
       51.2
       48.5
       56.6
       55.7
       48.7
       50.5
       50.7
       61.6
       54.7
       58.4
       62.6
       51.9
       51.4
       50.4
       52.2
       53.4
       54.7
       54.8
       53.1
       59.2
       52.4
       53.0
       52.2
       63.7
       50.4
       61.8
       57.5
       53.4
       59.7
       51.7
       71.4
       54.5
       53.5
       52.8
       51.2
       50.3
       54.3
       51.7
       55.3
       66.1
       49.7
       48.4
       51.8
       54.8
       52.8
       56.9
       50.7
       53.5
       52.4
       51.6
       55.4
       52.9
       52.1
       53.2
       53.9
       49.7
       74.2
       62.8
       58.7
       54.7
       57.0
       51.1
       54.5
       52.2
       56.9
       54.7
       54.4
       52.1
       53.1
       50.9
       51.4
       48.0
       48.5
       51.3
       50.2
       59.6
       50.0
       63.4
       47.3
       50.0
       55.3
       54.6
       48.1
       63.1
       51.5
       51.5
       53.2
       56.8
       54.8
       58.0
       52.3
       59.3
       55.6
       49.7
       52.0
       67.7
       56.9
       51.3
       47.5
       46.5
       56.2
       50.5
       53.3
       48.6
       51.9
       55.7
       49.5
       53.2
       55.6
       49.5
       54.4
       52.3
       61.4
       52.7
       51.2
       51.4
       48.4
       55.8
       53.8
       55.4
       50.4
       48.1
       55.2
       57.3
       51.1
       53.7
       49.7
       52.8
       51.8
       54.6
       49.0
       52.4
       51.9
       60.5
       49.8
       52.2
       56.9
       52.0
       49.5
       53.2
       48.1
       49.8
       51.8
       52.5
       53.1
       49.0
       48.3
       51.2
       50.9
       49.6
       52.3
       70.8
       50.5
       59.3
       51.7
       52.6
       53.2
       54.8
       50.7
       50.5
       53.1
       50.2
       53.8
       55.0
       51.3
       50.7
       50.0
       48.1
       57.5
       52.0
       55.6
       57.8
       49.6
       58.0
       57.7
       51.6
       50.0
       52.2
       52.2
       51.5
       48.9
       53.0
       73.0
       57.8
       50.8
       49.5
       48.4
       56.5
       54.7
       50.2
       55.0
       47.9
       56.2
       49.5
       54.0
       53.2
       52.2
       52.5
       54.1
       54.5
       52.0
       51.5
       52.7
       57.5
       51.7
       51.3
       55.8
       56.0
       52.3
       55.9
       51.5
       52.1
       52.2
       64.8
       52.0
       48.2
       49.1
       53.1
       51.2
       56.4
       50.4
       50.3
       47.7
       46.0
       51.7
       50.9
       48.7
       53.1
       52.2
       51.2
       54.5
       48.4
       55.0
       49.8
       50.5
       56.2
       55.3
       52.7
       59.8
       52.4
       52.7
       51.5
       54.6
       53.5
       53.1
       53.5
       51.2
       55.5
       54.1
       48.6
       52.6
       62.0
       50.9
       48.5
       56.2
       52.6
       53.0
       52.5
       51.9
       59.1
       49.1
       53.6
       54.8
       53.1
       52.1
       53.7
       53.6
       53.0
       52.5
       53.9
       52.2
       54.2
       55.5
       52.9
       53.0
       54.9
       54.7
       50.5
       50.5
       49.5
       48.4
       48.8
       52.6
       52.1
       52.5
       48.5
       49.3
       54.3
       48.3
       58.5
       52.3
       52.4
       55.7
       50.3
