       55.6
       58.3
       58.5
       57.6
       53.1
       61.2
       54.2
       58.3
       55.9
       51.1
       56.8
       56.4
       54.1
       55.8
       66.3
       57.3
       61.9
       55.0
       54.7
       54.8
       57.3
       52.7
       55.8
       60.1
       53.5
       52.6
       66.8
       54.1
       54.5
       53.1
       56.6
       56.7
       55.8
       53.8
       52.8
       56.2
       55.5
       60.5
       55.0
       59.0
       52.3
       57.4
       54.7
       54.1
       57.2
       51.8
       58.2
       71.8
       56.3
       56.8
       58.4
       63.0
       59.5
       58.6
       54.0
       56.6
       54.5
       69.6
       57.9
       55.8
       52.3
       56.5
       55.4
       54.5
       56.0
       57.9
       60.6
       56.4
       55.4
       52.5
       61.7
       56.5
       55.1
       53.6
       56.9
       51.3
       56.5
       60.7
       53.5
       52.9
       65.8
       54.6
       57.8
       65.0
       58.9
       53.7
       57.4
       52.2
       55.9
       59.2
       53.2
       58.6
       55.1
       64.7
       53.8
       57.2
       56.7
       55.9
       56.1
       55.7
       56.2
       60.3
       55.4
       53.3
       53.2
       51.7
       56.1
       55.3
       54.3
       56.9
       83.0
       56.1
       58.5
       58.4
       51.5
       59.3
       54.8
       58.6
       57.6
       65.5
       56.9
       55.6
       54.8
       52.8
       52.1
       55.5
       56.9
       54.2
       59.0
       54.4
       53.4
       58.0
       56.6
       58.8
       54.9
       52.0
       51.6
       50.7
       51.4
       56.4
       56.0
       54.8
       57.6
       51.7
       66.7
       53.5
       59.2
       59.4
       52.8
       60.8
       55.7
       54.5
       54.0
       56.4
       50.5
       59.0
       58.5
       53.0
       52.3
       56.0
       50.8
       53.4
       53.4
       56.5
       56.0
       54.7
       57.6
       56.2
       56.4
       54.4
       53.4
       51.5
       55.9
       54.3
       53.9
       56.3
       51.5
       69.8
       54.1
       53.2
       56.3
       56.5
       51.1
       60.2
       55.4
       53.7
       60.7
       54.2
       52.2
       52.6
       59.2
       60.9
       53.5
       57.1
       60.1
       60.0
       54.2
       52.1
       61.7
       56.1
       53.8
       57.6
       51.8
       55.0
       54.3
       58.3
       51.8
       56.3
       55.5
       54.3
       52.7
       59.6
       53.6
       52.0
       52.2
       59.4
       60.2
       54.9
       51.3
       64.5
       54.4
       52.8
       56.4
       59.5
       53.4
       58.7
       71.6
       52.5
       56.8
       54.8
       53.8
       57.1
       56.3
       56.9
       52.9
       57.4
       55.7
       53.2
       51.4
       51.6
       58.8
       57.5
       56.9
       57.3
       58.3
       51.1
       55.1
       54.1
       53.5
       52.9
       53.1
       52.6
       58.7
       58.1
       53.3
       51.3
       64.9
       59.0
       58.1
       56.9
       50.7
       59.9
       55.3
       55.8
       56.2
       56.8
       58.9
       57.6
       50.6
       55.1
       53.8
       56.8
       54.8
       59.4
       54.7
       56.0
       55.5
       57.2
       55.4
       58.2
       55.3
       64.4
       52.8
       52.5
       59.4
       54.2
       52.8
       56.1
       56.6
       58.1
       53.7
       52.0
       66.9
       59.5
       54.7
       52.2
       53.0
       56.5
       55.8
       53.7
