      350.79
      340.04
      333.44
      340.01
      337.32
      338.15
      342.13
      336.32
      331.22
      337.90
      339.58
      352.84
      345.36
      340.41
      346.09
      345.23
      341.92
      337.65
      337.48
      346.14
      346.90
      341.95
      340.20
      351.41
      328.09
      341.70
      348.30
      343.08
      340.63
      332.64
      350.93
      343.32
      334.03
      332.74
      339.29
      339.26
      329.75
      339.54
      343.73
      352.93
      338.80
      337.71
      340.55
      345.84
      330.47
      329.66
      349.27
      347.33
      345.07
      336.74
      351.96
      340.33
      338.90
      340.84
      342.94
      347.52
      338.33
      331.30
      347.81
      343.84
      343.01
      342.88
      351.59
      351.87
      340.54
      328.96
      347.62
      337.57
      334.35
      333.79
      351.09
      347.59
      339.41
      346.80
      339.66
      341.55
      332.64
      330.80
      340.58
      351.79
      331.60
      333.30
      348.76
      338.38
      331.61
      339.32
      355.68
      340.62
      339.81
      339.87
      352.91
      343.06
      331.33
      333.94
      342.54
      351.09
      339.13
      332.87
      340.06
      348.86
      339.71
      342.92
      337.58
      341.56
      332.60
      338.33
      339.35
      339.63
      334.00
      331.63
      345.38
      344.37
      339.52
      338.43
      339.95
      349.55
      343.48
      341.07
      350.71
      347.81
      338.43
      332.28
      339.31
      351.24
      329.35
      338.53
      347.64
      347.61
      333.13
      339.18
      347.55
      353.06
      341.15
      332.52
      342.94
      344.36
      340.07
      333.50
      348.98
      353.23
      331.33
      329.85
      347.58
      344.09
      334.24
      335.04
      337.26
      340.72
      345.19
      335.09
      347.67
      337.24
      332.09
      339.40
      357.64
      354.87
      336.31
      341.77
      349.93
      340.95
      332.60
      333.06
      348.54
      349.43
      332.46
      334.06
      346.75
      349.41
      337.90
      341.41
      356.83
      337.89
      340.03
      334.21
      340.59
      337.59
      333.84
      344.65
      348.53
      350.68
      339.44
      342.23
      356.63
      341.14
      337.59
      351.66
      337.50
      352.94
      332.67
      341.84
      345.38
      351.18
      335.32
      331.87
      348.81
      352.29
      335.05
      343.94
      350.84
      349.28
      342.09
      348.32
      344.42
      343.58
      339.90
      343.66
      344.85
      349.41
      342.41
      331.31
      343.51
      351.67
      341.33
      342.88
      360.16
      342.31
      331.42
      343.80
      357.36
      349.95
      341.55
      344.43
      346.12
      337.64
      334.84
      330.69
      335.86
      351.41
      336.04
      329.80
      339.47
      347.59
      335.89
      331.32
      342.33
      343.83
      333.10
      330.97
      340.71
      344.64
      339.28
      335.39
      349.78
      337.68
      342.81
      340.73
      347.96
      346.33
      330.92
      336.57
      350.57
      348.00
      337.35
      343.97
      347.56
      340.56
      333.26
      335.46
      352.20
      343.26
      329.71
      331.03
      349.42
      352.61
      342.27
      341.00
      352.23
      339.34
      343.43
      343.08
      348.84
      348.92
      332.35
      332.73
      337.38
      339.37
      330.98
      345.32
      354.31
      349.94
      333.95
      339.44
      351.53
      348.80
      339.63
      347.08
      350.50
      349.31
      332.00
      344.88
      340.16
      346.20
      332.79
      340.09
      341.18
      341.68
      332.24
      335.94
      352.21
      348.81
