
      3972.35
      3924.49
      4011.04
      3847.28
      3498.54
      3712.74
      3914.57
      5008.45
      3724.76
      3836.01
      4037.28
      3968.80
      5259.18
      4072.29
      3562.41
      5676.12
      4667.78
      3522.95
      6647.36
      3474.92
      3546.89
      3889.34
      3636.23
      3759.39
      3977.87
      3863.24
      3397.85
      3626.46
      3742.40
      4131.25
      3342.20
      4244.38
      4431.36
      3819.11
      4058.19
      3553.18
      3343.23
      8672.67
      4452.33
      4642.67
      4511.95
      3359.18
      4210.84
      3290.36
      3633.06
      4223.98
      3515.78
      3393.29
      7073.01
      6156.17
      4535.67
      5989.25
      7237.26
      8670.29
      6184.32
      4753.41
      5994.49
      5618.17
      4918.60
      6712.67
      4842.67
      5111.12
      3847.00
      4622.30
      6600.86
      5050.56
      4883.73
      4457.83
      4357.73
      5350.11
      3363.99
      3809.40
      4551.57
      4256.57
      4001.00
      3824.25
      4910.12
      3665.73
      4787.65
      3554.71
      3568.32
      3524.59
      5104.59
      3956.62
      7072.93
      3929.03
      3503.39
      4176.50
      4522.91
      7172.21
      3871.08
      4373.87
      4761.26
      8643.98
      6957.30
      7364.76
      4302.51
      6335.99
      5386.62
      5057.14
      4923.04
      4063.73
      4373.27
      3939.37
      4433.62
      3906.78
      3588.64
      3724.92
      3663.66
      4238.65
      3879.03
      3686.64
      4032.20
      4108.07
      4412.99
      4205.85
      3727.32
      4009.38
      3554.39
      4212.85
      3861.39
      5637.95
      3670.73
      3914.09
      5971.02
      3628.28
      3926.80
      4178.09
      4935.45
      3584.72
      3983.48
      4395.75
      3721.57
      5526.17
      3405.43
      3780.41
      3514.76
      4064.46
      7053.25
      3713.68
      4590.08
      3725.12
      3949.70
      4880.40
      4886.42
      5530.75
      5545.31
      3649.88
      5187.57
      3672.28
      3546.91
      6352.12
      5527.05
      4815.98
      3468.10
      4838.58
      3662.11
      3717.09
      3625.36
      4615.43
      4197.23
      6030.29
      9156.15
      6659.17
      5501.44
      3641.37
      5023.37
      3833.50
      3375.29
      5170.78
      4493.69
      3568.59
      3827.50
      4497.42
      5499.00
      3659.37
      4545.90
      3467.68
      6720.75
      8246.34
      3631.77
      3894.60
      3685.19
      4733.73
      4350.22
      5147.11
      5763.51
      5111.15
      6028.36
      4163.84
      4105.47
      5328.26
      5172.66
      8093.65
      4906.89
      6813.40
      3881.98
      3494.74
      4067.11
      3989.43
      3661.81
      3675.11
      5530.45
      4483.52
      4470.00
      3690.24
      3973.32
      4515.95
      3565.25
      3423.33
      3647.39
      3751.09
      4027.41
      4247.24
      3611.02
      3972.78
      3497.16
      4704.16
      3753.52
      3925.67
      3865.23
      3800.87
      3816.38
      4113.55
      3659.95
      3635.29
      4125.28
      4593.83
      3720.22
      3780.08
      3788.96
      4502.69
      3998.63
      3857.45
      3972.43
      4144.71
      6030.37
      3872.34
      4059.22
      7988.72
      5908.95
      4077.13
      3833.82
      3835.73
      5193.21
      6028.18
      3919.73
      4481.81
      3706.14
      3911.02
      4972.46
      5548.26
      4284.81
      3264.36
      4458.84
      3506.46
      3620.02
      4551.40
      3883.23
      3648.08
      4306.63
      3620.57
      3890.05
      3547.62
      3697.02
      3423.46
      4026.02
      3720.34
      3565.83
      3689.35
      4569.08
      4041.80
      3740.74
      3983.12
      3894.96
      3657.57
      5482.93
      3821.94
      3693.00
      3756.87
      3807.49
      3391.32
      3820.99
      3723.78
      4367.19
      3768.12
      3909.70
      3989.21
      3767.53
      3874.03
      4316.99
      3552.53
      3750.15
      3857.60
      3897.07
      4459.28
      3858.22
      3769.95
      3711.38
      3547.94
