      626.33
      414.14
      450.22
      381.61
      386.23
      447.96
      453.84
      458.86
      406.61
      378.02
      381.31
      456.14
      408.12
      452.26
      428.49
      435.34
      385.41
      440.28
      447.33
      385.36
      435.99
      436.47
      431.93
      384.64
      439.44
      387.79
      381.16
      402.83
      460.93
      455.16
      402.49
      379.73
      398.25
      451.41
      442.88
      443.23
      443.99
      442.90
      457.08
      424.88
      396.87
      453.07
      423.94
      418.77
      374.33
      445.61
      390.66
      430.06
      416.39
      424.36
      453.73
      450.12
      465.33
      429.42
      455.82
      432.53
      408.09
      378.43
      388.94
      406.71
      451.97
      441.31
      434.02
      424.87
      452.38
      377.36
      394.41
      451.12
      413.09
      401.14
      423.60
      421.84
      414.31
      419.26
      444.06
      407.00
      435.66
      377.72
      439.77
      399.54
      426.14
      433.59
      408.18
      446.47
      418.78
      427.50
      420.62
      440.44
      428.21
      452.50
      441.99
      388.61
      453.56
      460.67
      430.68
      423.01
      425.01
      411.23
      412.98
      428.37
      431.46
      466.82
      437.99
      446.52
      442.99
      415.11
      439.34
      422.45
      389.67
      383.56
      388.38
      397.40
      413.52
      424.55
      479.83
      449.41
      416.24
      422.27
      386.69
      456.66
      377.70
      455.15
      427.34
      440.46
      398.55
      423.97
      455.35
      430.16
      420.37
      448.99
      458.52
      461.05
      394.04
      460.76
      409.27
      419.83
      384.82
      424.80
      417.47
      425.23
      452.30
      415.59
      442.97
      383.36
      377.39
      412.57
      443.81
      416.18
      420.56
      431.08
      461.72
      385.89
      439.18
      438.64
      430.18
      399.31
      415.91
      381.40
      424.77
      448.53
      389.10
      422.77
      431.83
      387.07
      412.90
      401.67
      405.33
      378.23
      438.80
      440.46
      428.38
      404.51
      412.99
      379.98
      442.70
      437.57
      398.14
      396.02
      451.76
      436.71
      463.63
      411.46
      377.71
      456.21
      459.09
      444.99
      384.68
      425.75
      431.09
      413.89
      441.08
      451.40
      450.71
      452.72
      424.57
      445.53
      396.25
      441.84
      456.08
      429.94
      447.80
      441.82
      427.43
      438.25
      422.65
      407.95
      442.34
      379.64
      435.05
      408.69
      436.50
      446.34
      424.94
      438.13
      455.83
      443.03
      412.09
      406.53
      383.64
      413.09
      425.88
      408.56
      422.88
      438.96
      414.89
      468.89
      453.17
      416.24
      399.70
      430.01
      403.95
      399.59
      445.55
      468.75
      476.22
      456.13
      416.96
      434.50
      417.74
      419.92
      441.53
      437.51
      379.69
      445.58
      423.70
      404.30
      421.59
      414.51
      415.18
      408.37
      418.92
      442.88
      377.65
      452.67
      408.85
      380.34
      430.85
      415.68
      423.62
      428.65
      376.47
      449.04
      459.11
      395.35
      421.95
      416.05
      420.59
      429.84
      416.05
      421.09
      384.29
      434.80
      427.74
      401.80
      422.63
      382.51
      429.34
      433.66
      386.36
      453.03
      388.89
      423.77
      424.50
      380.24
      436.33
      448.05
      454.44
      441.79
      386.92
      427.63
      390.75
      438.34
      420.38
      420.66
      466.95
      400.52
      455.01
      401.90
      424.86
      420.78
